50 0.1 0.1 0.0 sim_50_0.1_0.1_0.0
50 0.1 0.1 0.01 sim_50_0.1_0.1_0.01
50 0.1 0.1 0.02 sim_50_0.1_0.1_0.02
50 0.1 0.1 0.03 sim_50_0.1_0.1_0.03
50 0.1 0.3 0.0 sim_50_0.1_0.3_0.0
50 0.1 0.3 0.01 sim_50_0.1_0.3_0.01
50 0.1 0.3 0.02 sim_50_0.1_0.3_0.02
50 0.1 0.3 0.03 sim_50_0.1_0.3_0.03
50 0.1 0.5 0.0 sim_50_0.1_0.5_0.0
50 0.1 0.5 0.01 sim_50_0.1_0.5_0.01
50 0.1 0.5 0.02 sim_50_0.1_0.5_0.02
50 0.1 0.5 0.03 sim_50_0.1_0.5_0.03
50 0.1 0.7 0.0 sim_50_0.1_0.7_0.0
50 0.1 0.7 0.01 sim_50_0.1_0.7_0.01
50 0.1 0.7 0.02 sim_50_0.1_0.7_0.02
50 0.1 0.7 0.03 sim_50_0.1_0.7_0.03
50 0.1 0.9 0.0 sim_50_0.1_0.9_0.0
50 0.1 0.9 0.01 sim_50_0.1_0.9_0.01
50 0.1 0.9 0.02 sim_50_0.1_0.9_0.02
50 0.1 0.9 0.03 sim_50_0.1_0.9_0.03
50 0.3 0.1 0.0 sim_50_0.3_0.1_0.0
50 0.3 0.1 0.01 sim_50_0.3_0.1_0.01
50 0.3 0.1 0.02 sim_50_0.3_0.1_0.02
50 0.3 0.1 0.03 sim_50_0.3_0.1_0.03
50 0.3 0.3 0.0 sim_50_0.3_0.3_0.0
50 0.3 0.3 0.01 sim_50_0.3_0.3_0.01
50 0.3 0.3 0.02 sim_50_0.3_0.3_0.02
50 0.3 0.3 0.03 sim_50_0.3_0.3_0.03
50 0.3 0.5 0.0 sim_50_0.3_0.5_0.0
50 0.3 0.5 0.01 sim_50_0.3_0.5_0.01
50 0.3 0.5 0.02 sim_50_0.3_0.5_0.02
50 0.3 0.5 0.03 sim_50_0.3_0.5_0.03
50 0.3 0.7 0.0 sim_50_0.3_0.7_0.0
50 0.3 0.7 0.01 sim_50_0.3_0.7_0.01
50 0.3 0.7 0.02 sim_50_0.3_0.7_0.02
50 0.3 0.7 0.03 sim_50_0.3_0.7_0.03
50 0.3 0.9 0.0 sim_50_0.3_0.9_0.0
50 0.3 0.9 0.01 sim_50_0.3_0.9_0.01
50 0.3 0.9 0.02 sim_50_0.3_0.9_0.02
50 0.3 0.9 0.03 sim_50_0.3_0.9_0.03
50 0.5 0.1 0.0 sim_50_0.5_0.1_0.0
50 0.5 0.1 0.01 sim_50_0.5_0.1_0.01
50 0.5 0.1 0.02 sim_50_0.5_0.1_0.02
50 0.5 0.1 0.03 sim_50_0.5_0.1_0.03
50 0.5 0.3 0.0 sim_50_0.5_0.3_0.0
50 0.5 0.3 0.01 sim_50_0.5_0.3_0.01
50 0.5 0.3 0.02 sim_50_0.5_0.3_0.02
50 0.5 0.3 0.03 sim_50_0.5_0.3_0.03
50 0.5 0.5 0.0 sim_50_0.5_0.5_0.0
50 0.5 0.5 0.01 sim_50_0.5_0.5_0.01
50 0.5 0.5 0.02 sim_50_0.5_0.5_0.02
50 0.5 0.5 0.03 sim_50_0.5_0.5_0.03
50 0.5 0.7 0.0 sim_50_0.5_0.7_0.0
50 0.5 0.7 0.01 sim_50_0.5_0.7_0.01
50 0.5 0.7 0.02 sim_50_0.5_0.7_0.02
50 0.5 0.7 0.03 sim_50_0.5_0.7_0.03
50 0.5 0.9 0.0 sim_50_0.5_0.9_0.0
50 0.5 0.9 0.01 sim_50_0.5_0.9_0.01
50 0.5 0.9 0.02 sim_50_0.5_0.9_0.02
50 0.5 0.9 0.03 sim_50_0.5_0.9_0.03
50 0.7 0.1 0.0 sim_50_0.7_0.1_0.0
50 0.7 0.1 0.01 sim_50_0.7_0.1_0.01
50 0.7 0.1 0.02 sim_50_0.7_0.1_0.02
50 0.7 0.1 0.03 sim_50_0.7_0.1_0.03
50 0.7 0.3 0.0 sim_50_0.7_0.3_0.0
50 0.7 0.3 0.01 sim_50_0.7_0.3_0.01
50 0.7 0.3 0.02 sim_50_0.7_0.3_0.02
50 0.7 0.3 0.03 sim_50_0.7_0.3_0.03
50 0.7 0.5 0.0 sim_50_0.7_0.5_0.0
50 0.7 0.5 0.01 sim_50_0.7_0.5_0.01
50 0.7 0.5 0.02 sim_50_0.7_0.5_0.02
50 0.7 0.5 0.03 sim_50_0.7_0.5_0.03
50 0.7 0.7 0.0 sim_50_0.7_0.7_0.0
50 0.7 0.7 0.01 sim_50_0.7_0.7_0.01
50 0.7 0.7 0.02 sim_50_0.7_0.7_0.02
50 0.7 0.7 0.03 sim_50_0.7_0.7_0.03
50 0.7 0.9 0.0 sim_50_0.7_0.9_0.0
50 0.7 0.9 0.01 sim_50_0.7_0.9_0.01
50 0.7 0.9 0.02 sim_50_0.7_0.9_0.02
50 0.7 0.9 0.03 sim_50_0.7_0.9_0.03
50 0.9 0.1 0.0 sim_50_0.9_0.1_0.0
50 0.9 0.1 0.01 sim_50_0.9_0.1_0.01
50 0.9 0.1 0.02 sim_50_0.9_0.1_0.02
50 0.9 0.1 0.03 sim_50_0.9_0.1_0.03
50 0.9 0.3 0.0 sim_50_0.9_0.3_0.0
50 0.9 0.3 0.01 sim_50_0.9_0.3_0.01
50 0.9 0.3 0.02 sim_50_0.9_0.3_0.02
50 0.9 0.3 0.03 sim_50_0.9_0.3_0.03
50 0.9 0.5 0.0 sim_50_0.9_0.5_0.0
50 0.9 0.5 0.01 sim_50_0.9_0.5_0.01
50 0.9 0.5 0.02 sim_50_0.9_0.5_0.02
50 0.9 0.5 0.03 sim_50_0.9_0.5_0.03
50 0.9 0.7 0.0 sim_50_0.9_0.7_0.0
50 0.9 0.7 0.01 sim_50_0.9_0.7_0.01
50 0.9 0.7 0.02 sim_50_0.9_0.7_0.02
50 0.9 0.7 0.03 sim_50_0.9_0.7_0.03
50 0.9 0.9 0.0 sim_50_0.9_0.9_0.0
50 0.9 0.9 0.01 sim_50_0.9_0.9_0.01
50 0.9 0.9 0.02 sim_50_0.9_0.9_0.02
50 0.9 0.9 0.03 sim_50_0.9_0.9_0.03
